1 CMSSN: C529                      ACCUMULATOR HISTORY DETAIL BY ACCUMULATOR TYPE                 DATE: 2018-APR-23  TIME: 12:42PM
                                         FROM 2017 JAN 1  THRU 2017 DEC 31                                           PAGE:      1
0      ACCUMULATOR TYPE     :   1257
       ACCUMULATOR TYPE DSC : YTD DD BUSINESS INCOME
0                                                                         IGFS                    IGSI                   TOTAL
       CNSLT           CACT        CURRENT                         ACCUMULATED             ACCUMULATED             ACCUMULATED
       NUM             TYPE        DEALERSHIP                           AMOUNT                  AMOUNT                  AMOUNT
       ========================================================================================================================
-         247            1         IGFS (7759)                      130,191.91                    0.00              130,191.91
          321            1         IGFS (7759)                       72,366.18                    0.00               72,366.18
          682            1         IGFS (7759)                       36,719.79                    0.00               36,719.79
          981            1         IGFS (7759)                        1,209.60                    0.00                1,209.60
          981            3         IGFS (7759)                       26,768.49                    0.00               26,768.49
         1087            3         IGFS (7759)                          720.05                    0.00                  720.05
         1145            1         IGFS (7759)                      120,792.61                    0.00              120,792.61
         1281            1         IGFS (7759)                       35,561.25                    0.00               35,561.25
         1847            3         IGFS (7759)                       22,143.79                    0.00               22,143.79
         1883            3         IGFS (7759)                      109,831.66                    0.00              109,831.66
         2173            1         IGFS (7759)                       21,062.52                    0.00               21,062.52
         2217            1         IGFS (7759)                       32,947.12                    0.00               32,947.12
         2455            1         IGFS (7759)                        5,704.15                    0.00                5,704.15
         2525            1         IGFS (7759)                       99,039.91                    0.00               99,039.91
         2697            1         IGFS (7759)                       34,389.00                    0.00               34,389.00
         2776            3         IGFS (7759)                        6,778.79                    0.00                6,778.79
         2783            1         IGFS (7759)                       20,211.17                    0.00               20,211.17
         3093            1         IGFS (7759)                       53,963.07                    0.00               53,963.07
         3179            3         IGFS (7759)                       50,103.33                    0.00               50,103.33
         3425            1         IGFS (7759)                       48,275.43                    0.00               48,275.43
         3573            3         IGFS (7759)                       92,637.07                    0.00               92,637.07
         3716            1         IGFS (7759)                       60,179.26                    0.00               60,179.26
         3740            1         IGFS (7759)                       24,756.91                    0.00               24,756.91
         3777            1         IGSI (9737)                        3,168.16                    4.43                3,172.59
         3821            1         IGFS (7759)                       93,225.81                    0.00               93,225.81
         3918            3         IGFS (7759)                          798.65                    0.00                  798.65
         4196            1         IGFS (7759)                       15,543.45                    0.00               15,543.45
         4290            1         IGFS (7759)                      133,148.54                    0.00              133,148.54
         4403            1         IGFS (7759)                       26,087.10                    0.00               26,087.10
         5288            1         IGFS (7759)                       28,175.05                    0.00               28,175.05
         5403            1         IGFS (7759)                       30,089.30                    0.00               30,089.30
         5533            1         IGFS (7759)                      117,977.07                    0.00              117,977.07
         5536            1         IGFS (7759)                       33,774.57                    0.00               33,774.57
         5603            1         IGFS (7759)                       17,611.66                    0.00               17,611.66
         5603            3         IGFS (7759)                        2,996.58                    0.00                2,996.58
         5824            3         IGFS (7759)                       49,964.42                    0.00               49,964.42
         5893            1         IGFS (7759)                       74,451.96                    0.00               74,451.96
         5916            1         IGFS (7759)                          298.41                    0.00                  298.41
         5916            3         IGFS (7759)                       63,175.73                    0.00               63,175.73
         5943            1         IGFS (7759)                        9,471.18                    0.00                9,471.18
         5956            1         IGFS (7759)                       20,805.32                    0.00               20,805.32
         6073            1         IGFS (7759)                       67,995.37                    0.00               67,995.37
         6073            3         IGFS (7759)                        2,226.80                    0.00                2,226.80
         6077            1         IGFS (7759)                       25,646.70                    0.00               25,646.70
         6122            1         IGFS (7759)                       66,848.77                    0.00               66,848.77
         6123            1         IGFS (7759)                       63,633.59                    0.00               63,633.59
         6215            1         IGFS (7759)                       50,839.10                    0.00               50,839.10
         6250            1         IGFS (7759)                       45,658.87                    0.00               45,658.87
1 CMSSN: C529                      ACCUMULATOR HISTORY DETAIL BY ACCUMULATOR TYPE                 DATE: 2018-APR-23  TIME: 12:42PM
                                         FROM 2017 JAN 1  THRU 2017 DEC 31                                           PAGE:      2
0      ACCUMULATOR TYPE     :   1257
       ACCUMULATOR TYPE DSC : YTD DD BUSINESS INCOME
0                                                                         IGFS                    IGSI                   TOTAL
       CNSLT           CACT        CURRENT                         ACCUMULATED             ACCUMULATED             ACCUMULATED
       NUM             TYPE        DEALERSHIP                           AMOUNT                  AMOUNT                  AMOUNT
       ========================================================================================================================
-        6400            1         IGFS (7759)                      134,017.32                    0.00              134,017.32
         6519            1         IGFS (7759)                       12,539.62                    0.00               12,539.62
         6674            3         IGSI (9737)                       28,269.99               20,317.51               48,587.50
         6721            1         IGFS (7759)                       30,495.52                    0.00               30,495.52
         6781            1         IGFS (7759)                      154,822.43                    0.00              154,822.43
         6909            1         IGFS (7759)                        9,179.64                    0.00                9,179.64
         6979            1         IGFS (7759)                      123,289.79                    0.00              123,289.79
         7111            1         IGFS (7759)                      136,419.59                    0.00              136,419.59
         7210            1         IGFS (7759)                       54,059.03                    0.00               54,059.03
         7307            3         IGFS (7759)                       60,858.99                    0.00               60,858.99
         7309            1         IGFS (7759)                       46,875.72                    0.00               46,875.72
         7394            3         IGFS (7759)                       25,054.48                    0.00               25,054.48
         7567            1         IGFS (7759)                       33,644.37                    0.00               33,644.37
         7580            3         IGFS (7759)                           69.07                    0.00                   69.07
         7612            3         IGFS (7759)                       70,842.59                    0.00               70,842.59
         8150            1         IGFS (7759)                       57,837.59                    0.00               57,837.59
         8270            1         IGFS (7759)                       81,704.59                    0.00               81,704.59
         8283            1         IGSI (9737)                            0.00                   39.50                   39.50
         8283            3         IGSI (9737)                      148,696.14                  257.60              148,953.74
         8496            1         IGFS (7759)                        9,077.88                    0.00                9,077.88
         9220            1         IGFS (7759)                      255,869.97                    0.00              255,869.97
         9386            1         IGFS (7759)                       67,059.51                    0.00               67,059.51
        11193            1         IGFS (7759)                       82,107.17                    0.00               82,107.17
        11266            1         IGFS (7759)                          762.84                    0.00                  762.84
        11266            3         IGFS (7759)                       80,406.42                    0.00               80,406.42
        11324            3         IGFS (7759)                       11,706.99                    0.00               11,706.99
        11330            1         IGFS (7759)                       13,801.05                    0.00               13,801.05
        11344            1         IGFS (7759)                       34,912.76                    0.00               34,912.76
        11394            1         IGFS (7759)                       26,819.76                    0.00               26,819.76
        11402            1         IGFS (7759)                       28,049.50                    0.00               28,049.50
        11433            3         IGFS (7759)                       97,394.96                    0.00               97,394.96
        11509            1         IGFS (7759)                        1,529.42                    0.00                1,529.42
        11509            3         IGFS (7759)                       48,222.11                    0.00               48,222.11
        11582            1         IGFS (7759)                       71,294.90                    0.00               71,294.90
        11585            1         IGFS (7759)                      120,261.94                    0.00              120,261.94
        11643            1         IGSI (9737)                       32,507.71                  362.25               32,869.96
        11709            1         IGFS (7759)                        2,339.93                    0.00                2,339.93
        11709            3         IGFS (7759)                       23,574.96                    0.00               23,574.96
        11857            1         IGFS (7759)                       84,409.46                    0.00               84,409.46
        11863            1         IGFS (7759)                       84,560.74                    0.00               84,560.74
        11896            1         IGSI (9737)                            0.00                  198.84-                 198.84-
        11896            3         IGSI (9737)                       25,058.75                3,544.73               28,603.48
        11988            1         IGFS (7759)                       64,749.64                    0.00               64,749.64
        12014            3         IGFS (7759)                        6,787.11                    0.00                6,787.11
        12043            1         IGFS (7759)                       55,011.41                    0.00               55,011.41
        12043            3         IGFS (7759)                       46,037.65                    0.00               46,037.65
        12180            1         IGSI (9737)                       77,735.10                    0.00               77,735.10
        12184            3         IGFS (7759)                       82,478.95                    0.00               82,478.95
1 CMSSN: C529                      ACCUMULATOR HISTORY DETAIL BY ACCUMULATOR TYPE                 DATE: 2018-APR-23  TIME: 12:42PM
                                         FROM 2017 JAN 1  THRU 2017 DEC 31                                           PAGE:      3
0      ACCUMULATOR TYPE     :   1257
       ACCUMULATOR TYPE DSC : YTD DD BUSINESS INCOME
0                                                                         IGFS                    IGSI                   TOTAL
       CNSLT           CACT        CURRENT                         ACCUMULATED             ACCUMULATED             ACCUMULATED
       NUM             TYPE        DEALERSHIP                           AMOUNT                  AMOUNT                  AMOUNT
       ========================================================================================================================
-       12242            3         IGFS (7759)                       39,246.05                    0.00               39,246.05
        12272            1         IGFS (7759)                       35,522.05                    0.00               35,522.05
        12296            1         IGFS (7759)                       39,644.66                    0.00               39,644.66
        12486            1         IGFS (7759)                       14,358.37                    0.00               14,358.37
        12494            1         IGFS (7759)                      170,439.84                    0.00              170,439.84
        12494            3         IGFS (7759)                        1,306.32                    0.00                1,306.32
        12497            1         IGFS (7759)                       59,762.01                    0.00               59,762.01
        12498            1         IGFS (7759)                       21,115.56                    0.00               21,115.56
        12530            3         IGFS (7759)                      109,869.81                    0.00              109,869.81
        12584            1         IGFS (7759)                       37,693.72                    0.00               37,693.72
        12672            3         IGFS (7759)                       51,376.82                    0.00               51,376.82
        12732            1         IGFS (7759)                        7,293.73                    0.00                7,293.73
        12770            1         IGFS (7759)                        5,203.86                    0.00                5,203.86
        12797            1         IGFS (7759)                       36,012.67                    0.00               36,012.67
        12798            3         IGFS (7759)                        3,933.92                    0.00                3,933.92
        12831            1         IGFS (7759)                       41,524.53                    0.00               41,524.53
        12848            1         IGFS (7759)                       30,279.98                    0.00               30,279.98
        12900            3         IGFS (7759)                        9,725.12                    0.00                9,725.12
        12931            1         IGSI (9737)                        3,881.54                    0.00                3,881.54
        13007            1         IGFS (7759)                       22,357.79                    0.00               22,357.79
        13059            1         IGFS (7759)                       67,565.66                    0.00               67,565.66
        13149            1         IGFS (7759)                      121,460.91                    0.00              121,460.91
        13171            3         IGFS (7759)                        2,807.28                    0.00                2,807.28
        13265            3         IGFS (7759)                      104,367.19                    0.00              104,367.19
        13472            1         IGFS (7759)                       37,894.72                    0.00               37,894.72
        13582            1         IGFS (7759)                       97,357.08                    0.00               97,357.08
        13601            1         IGFS (7759)                       29,221.47                    0.00               29,221.47
        13610            1         IGFS (7759)                       74,262.36                    0.00               74,262.36
        13627            1         IGFS (7759)                      142,391.65                    0.00              142,391.65
        13631            3         IGFS (7759)                       21,587.60                    0.00               21,587.60
        13635            1         IGFS (7759)                       38,412.62                    0.00               38,412.62
        13650            1         IGFS (7759)                       76,814.21                    0.00               76,814.21
        13678            1         IGFS (7759)                        6,720.74                    0.00                6,720.74
        13757            3         IGFS (7759)                       42,237.61                    0.00               42,237.61
        13772            1         IGFS (7759)                       86,735.15                    0.00               86,735.15
        13815            3         IGFS (7759)                       56,647.12                    0.00               56,647.12
        13929            1         IGFS (7759)                       52,201.87                    0.00               52,201.87
        13963            1         IGFS (7759)                      264,722.13                    0.00              264,722.13
        14011            1         IGFS (7759)                       34,278.53                    0.00               34,278.53
        14032            3         IGFS (7759)                       35,258.27                    0.00               35,258.27
        14186            1         IGFS (7759)                       30,269.78                    0.00               30,269.78
        14207            3         IGFS (7759)                      120,560.80                    0.00              120,560.80
        14214            1         IGFS (7759)                       51,677.96                    0.00               51,677.96
        14218            1         IGFS (7759)                       37,411.50                    0.00               37,411.50
        14302            1         IGFS (7759)                       28,321.54                    0.00               28,321.54
        14326            1         IGFS (7759)                        6,218.50                    0.00                6,218.50
        14334            1         IGFS (7759)                       33,764.80                    0.00               33,764.80
        14403            1         IGFS (7759)                       46,129.14                    0.00               46,129.14
1 CMSSN: C529                      ACCUMULATOR HISTORY DETAIL BY ACCUMULATOR TYPE                 DATE: 2018-APR-23  TIME: 12:42PM
                                         FROM 2017 JAN 1  THRU 2017 DEC 31                                           PAGE:      4
0      ACCUMULATOR TYPE     :   1257
       ACCUMULATOR TYPE DSC : YTD DD BUSINESS INCOME
0                                                                         IGFS                    IGSI                   TOTAL
       CNSLT           CACT        CURRENT                         ACCUMULATED             ACCUMULATED             ACCUMULATED
       NUM             TYPE        DEALERSHIP                           AMOUNT                  AMOUNT                  AMOUNT
       ========================================================================================================================
-       14514            1         IGFS (7759)                      102,977.82                    0.00              102,977.82
        14594            3         IGFS (7759)                      149,584.14                    0.00              149,584.14
        14683            3         IGFS (7759)                       25,203.25                    0.00               25,203.25
        14743            1         IGFS (7759)                       32,886.90                    0.00               32,886.90
        14806            3         IGFS (7759)                       38,593.56                    0.00               38,593.56
        14923            3         IGFS (7759)                       12,813.44                    0.00               12,813.44
        14937            1         IGFS (7759)                       32,842.81                    0.00               32,842.81
        14939            1         IGFS (7759)                       35,739.75                    0.00               35,739.75
        15010            1         IGFS (7759)                       21,329.44                    0.00               21,329.44
        15017            1         IGFS (7759)                       29,342.67                    0.00               29,342.67
        15125            1         IGFS (7759)                       87,166.70                    0.00               87,166.70
        15223            1         IGFS (7759)                       31,282.78                    0.00               31,282.78
        15353            3         IGFS (7759)                       16,308.36                    0.00               16,308.36
        15396            1         IGFS (7759)                      112,164.42                    0.00              112,164.42
        15421            1         IGFS (7759)                       12,311.78                    0.00               12,311.78
        15473            1         IGFS (7759)                       64,508.52                    0.00               64,508.52
        15542            1         IGFS (7759)                       24,085.89                    0.00               24,085.89
        15612            1         IGFS (7759)                       79,377.43                    0.00               79,377.43
        15655            1         IGFS (7759)                      118,288.37                    0.00              118,288.37
        15780            1         IGFS (7759)                       25,020.79                    0.00               25,020.79
        15899            1         IGFS (7759)                       11,006.16                    0.00               11,006.16
        15933            1         IGFS (7759)                       69,482.20                    0.00               69,482.20
        16002            1         IGFS (7759)                       18,694.21                    0.00               18,694.21
        16042            1         IGFS (7759)                       68,433.64                    0.00               68,433.64
        16081            1         IGFS (7759)                            3.22                    0.00                    3.22
        16081            3         IGFS (7759)                      111,139.64                    0.00              111,139.64
        16239            3         IGFS (7759)                      145,077.30                    0.00              145,077.30
        16255            1         IGFS (7759)                      101,372.75                    0.00              101,372.75
        16261            1         IGFS (7759)                       37,961.15                    0.00               37,961.15
        16358            1         IGFS (7759)                      119,353.20                    0.00              119,353.20
        16373            1         IGFS (7759)                       39,634.41                    0.00               39,634.41
        16443            3         IGFS (7759)                        6,783.65                    0.00                6,783.65
        16449            1         IGFS (7759)                       10,219.79                    0.00               10,219.79
        16493            1         IGFS (7759)                      104,070.36                    0.00              104,070.36
        16525            1         IGFS (7759)                      120,616.32                    0.00              120,616.32
        16686            1         IGFS (7759)                        7,007.88                    0.00                7,007.88
        16709            1         IGFS (7759)                       19,620.16                    0.00               19,620.16
        16732            1         IGFS (7759)                       91,954.60                    0.00               91,954.60
        16793            3         IGFS (7759)                      170,165.26                    0.00              170,165.26
        16806            1         IGFS (7759)                       10,787.22                    0.00               10,787.22
        16817            1         IGFS (7759)                        4,552.44                    0.00                4,552.44
        16826            1         IGFS (7759)                       64,017.99                    0.00               64,017.99
        16859            1         IGFS (7759)                       32,667.00                    0.00               32,667.00
        16930            1         IGFS (7759)                       76,621.74                    0.00               76,621.74
        16935            1         IGFS (7759)                       43,402.95                    0.00               43,402.95
        17020            1         IGFS (7759)                       53,723.85                    0.00               53,723.85
        17025            3         IGFS (7759)                      182,586.85                    0.00              182,586.85
        17096            3         IGFS (7759)                       85,988.83                    0.00               85,988.83
1 CMSSN: C529                      ACCUMULATOR HISTORY DETAIL BY ACCUMULATOR TYPE                 DATE: 2018-APR-23  TIME: 12:42PM
                                         FROM 2017 JAN 1  THRU 2017 DEC 31                                           PAGE:      5
0      ACCUMULATOR TYPE     :   1257
       ACCUMULATOR TYPE DSC : YTD DD BUSINESS INCOME
0                                                                         IGFS                    IGSI                   TOTAL
       CNSLT           CACT        CURRENT                         ACCUMULATED             ACCUMULATED             ACCUMULATED
       NUM             TYPE        DEALERSHIP                           AMOUNT                  AMOUNT                  AMOUNT
       ========================================================================================================================
-       17160            1         IGFS (7759)                      112,470.43                    0.00              112,470.43
        17224            1         IGSI (9737)                       21,651.87                    0.00               21,651.87
        17243            1         IGFS (7759)                       52,764.08                    0.00               52,764.08
        17271            1         IGFS (7759)                        4,073.74                    0.00                4,073.74
        17272            1         IGFS (7759)                       18,963.58                    0.00               18,963.58
        17273            1         IGFS (7759)                       27,502.97                    0.00               27,502.97
        17293            1         IGFS (7759)                        2,771.57                    0.00                2,771.57
        17298            3         IGFS (7759)                       96,224.67                    0.00               96,224.67
        17336            1         IGFS (7759)                       50,070.90                    0.00               50,070.90
        17511            3         IGFS (7759)                      161,933.31                    0.00              161,933.31
        17616            1         IGFS (7759)                        2,075.57                    0.00                2,075.57
        17635            1         IGFS (7759)                      120,999.38                    0.00              120,999.38
        17648            1         IGFS (7759)                       29,689.32                    0.00               29,689.32
        17657            3         IGFS (7759)                      141,871.07                    0.00              141,871.07
        17690            1         IGFS (7759)                       49,973.77                    0.00               49,973.77
        17714            1         IGFS (7759)                       33,971.82                    0.00               33,971.82
        17726            3         IGFS (7759)                        1,922.43                    0.00                1,922.43
        17728            3         IGFS (7759)                      133,836.29                    0.00              133,836.29
        17762            1         IGFS (7759)                        1,117.91                    0.00                1,117.91
        17776            1         IGFS (7759)                       50,140.60                    0.00               50,140.60
        17831            1         IGFS (7759)                      137,467.72                    0.00              137,467.72
        17854            1         IGFS (7759)                       43,642.68                    0.00               43,642.68
        17873            1         IGFS (7759)                       24,765.88                    0.00               24,765.88
        17938            1         IGFS (7759)                       82,403.04                    0.00               82,403.04
        17971            1         IGFS (7759)                       69,212.20                    0.00               69,212.20
        17972            1         IGFS (7759)                          311.33                    0.00                  311.33
        18008            3         IGFS (7759)                      144,094.03                    0.00              144,094.03
        18045            1         IGFS (7759)                       14,557.25                    0.00               14,557.25
        18178            1         IGFS (7759)                       73,664.99                    0.00               73,664.99
        18266            1         IGFS (7759)                        1,797.68                    0.00                1,797.68
        18275            1         IGFS (7759)                       37,574.86                    0.00               37,574.86
        18284            1         IGFS (7759)                        9,469.55                    0.00                9,469.55
        18323            3         IGFS (7759)                        4,015.70                    0.00                4,015.70
        18337            3         IGSI (9737)                       36,354.69                  381.80               36,736.49
        18351            3         IGFS (7759)                       68,595.59                    0.00               68,595.59
        18371            1         IGFS (7759)                      104,938.48                    0.00              104,938.48
        18382            1         IGFS (7759)                        9,921.91                    0.00                9,921.91
        18439            1         IGFS (7759)                           90.72                    0.00                   90.72
        18460            1         IGFS (7759)                       28,432.02                    0.00               28,432.02
        18499            1         IGFS (7759)                       29,746.16                    0.00               29,746.16
        18506            1         IGFS (7759)                       34,955.16                    0.00               34,955.16
        18507            1         IGFS (7759)                      113,003.06                    0.00              113,003.06
        18524            3         IGFS (7759)                      155,696.96                    0.00              155,696.96
        18545            3         IGFS (7759)                      153,757.24                    0.00              153,757.24
        18546            1         IGFS (7759)                       58,041.96                    0.00               58,041.96
        18626            1         IGFS (7759)                        1,438.82                    0.00                1,438.82
        18669            1         IGFS (7759)                      149,029.08                    0.00              149,029.08
        18669            3         IGFS (7759)                        2,040.44                    0.00                2,040.44
1 CMSSN: C529                      ACCUMULATOR HISTORY DETAIL BY ACCUMULATOR TYPE                 DATE: 2018-APR-23  TIME: 12:42PM
                                         FROM 2017 JAN 1  THRU 2017 DEC 31                                           PAGE:      6
0      ACCUMULATOR TYPE     :   1257
       ACCUMULATOR TYPE DSC : YTD DD BUSINESS INCOME
0                                                                         IGFS                    IGSI                   TOTAL
       CNSLT           CACT        CURRENT                         ACCUMULATED             ACCUMULATED             ACCUMULATED
       NUM             TYPE        DEALERSHIP                           AMOUNT                  AMOUNT                  AMOUNT
       ========================================================================================================================
-       18716            1         IGFS (7759)                       38,675.32                    0.00               38,675.32
        18783            1         IGFS (7759)                          470.64                    0.00                  470.64
        18795            1         IGSI (9737)                          148.16                  296.32                  444.48
        18795            3         IGSI (9737)                      121,714.79                  905.25              122,620.04
        18833            1         IGFS (7759)                       68,200.12                    0.00               68,200.12
        18847            1         IGFS (7759)                       91,944.45                    0.00               91,944.45
        18903            1         IGFS (7759)                        1,079.63                    0.00                1,079.63
        18942            1         IGFS (7759)                       84,241.06                    0.00               84,241.06
        18958            1         IGFS (7759)                      103,261.47                    0.00              103,261.47
        18972            1         IGFS (7759)                        3,826.58                    0.00                3,826.58
        18980            1         IGFS (7759)                       42,786.77                    0.00               42,786.77
        18989            1         IGFS (7759)                       99,291.53                    0.00               99,291.53
        19019            1         IGFS (7759)                       45,770.86                    0.00               45,770.86
        19062            3         IGSI (9737)                       39,609.48                4,199.44               43,808.92
        19092            1         IGFS (7759)                      138,986.77                    0.00              138,986.77
        19144            1         IGFS (7759)                       71,013.87                    0.00               71,013.87
        19240            1         IGFS (7759)                      128,643.02                    0.00              128,643.02
        19280            3         IGFS (7759)                        6,010.52                    0.00                6,010.52
        19288            3         IGFS (7759)                       28,752.92                    0.00               28,752.92
        19292            1         IGFS (7759)                       92,416.45                    0.00               92,416.45
        19301            1         IGFS (7759)                      147,109.29                    0.00              147,109.29
        19344            1         IGFS (7759)                       47,533.97                    0.00               47,533.97
        19347            1         IGFS (7759)                        1,887.04                    0.00                1,887.04
        19365            3         IGFS (7759)                       50,055.03                    0.00               50,055.03
        19384            1         IGFS (7759)                       82,352.02                    0.00               82,352.02
        19396            1         IGFS (7759)                       78,179.37                    0.00               78,179.37
        19424            1         IGFS (7759)                       15,453.65                    0.00               15,453.65
        19440            1         IGFS (7759)                       47,738.49                    0.00               47,738.49
        19450            1         IGFS (7759)                       15,802.11                    0.00               15,802.11
        19482            3         IGFS (7759)                        9,461.46                    0.00                9,461.46
        19518            1         IGFS (7759)                       77,344.95                    0.00               77,344.95
        19579            1         IGFS (7759)                       35,525.49                    0.00               35,525.49
        19628            1         IGFS (7759)                       42,436.73                    0.00               42,436.73
        19632            1         IGFS (7759)                       27,951.69                    0.00               27,951.69
        19649            1         IGFS (7759)                       65,819.42                    0.00               65,819.42
        19685            3         IGSI (9737)                       72,764.70                3,007.50               75,772.20
        19718            1         IGFS (7759)                       96,647.56                    0.00               96,647.56
        19720            1         IGFS (7759)                        2,525.76                    0.00                2,525.76
        19720            3         IGFS (7759)                       12,475.80                    0.00               12,475.80
        19734            1         IGFS (7759)                        2,866.47                    0.00                2,866.47
        19739            1         IGFS (7759)                        8,293.18                    0.00                8,293.18
        19774            1         IGFS (7759)                       34,755.04                    0.00               34,755.04
        19782            1         IGFS (7759)                       66,975.76                    0.00               66,975.76
        19790            1         IGFS (7759)                       29,673.83                    0.00               29,673.83
        19842            1         IGFS (7759)                       26,148.34                    0.00               26,148.34
        19858            1         IGFS (7759)                      105,306.77                    0.00              105,306.77
        19882            1         IGFS (7759)                      106,093.62                    0.00              106,093.62
        19902            1         IGFS (7759)                       72,906.46                    0.00               72,906.46
1 CMSSN: C529                      ACCUMULATOR HISTORY DETAIL BY ACCUMULATOR TYPE                 DATE: 2018-APR-23  TIME: 12:42PM
                                         FROM 2017 JAN 1  THRU 2017 DEC 31                                           PAGE:      7
0      ACCUMULATOR TYPE     :   1257
       ACCUMULATOR TYPE DSC : YTD DD BUSINESS INCOME
0                                                                         IGFS                    IGSI                   TOTAL
       CNSLT           CACT        CURRENT                         ACCUMULATED             ACCUMULATED             ACCUMULATED
       NUM             TYPE        DEALERSHIP                           AMOUNT                  AMOUNT                  AMOUNT
       ========================================================================================================================
-       19935            1         IGFS (7759)                        5,797.58                    0.00                5,797.58
        19943            1         IGFS (7759)                       48,464.84                    0.00               48,464.84
        19950            1         IGFS (7759)                       32,882.62                    0.00               32,882.62
        19953            1         IGFS (7759)                       11,647.96                    0.00               11,647.96
        19974            3         IGFS (7759)                       13,264.03                    0.00               13,264.03
        19996            1         IGFS (7759)                        4,474.44                    0.00                4,474.44
        20040            1         IGFS (7759)                       21,513.92                    0.00               21,513.92
        20062            1         IGFS (7759)                       30,599.02                    0.00               30,599.02
        20079            3         IGFS (7759)                       58,748.08                    0.00               58,748.08
        20107            1         IGFS (7759)                       50,179.94                    0.00               50,179.94
        20129            1         IGFS (7759)                       60,935.97                    0.00               60,935.97
        20184            1         IGFS (7759)                       10,535.33                    0.00               10,535.33
        20245            1         IGFS (7759)                       42,840.40                    0.00               42,840.40
        20289            1         IGFS (7759)                       22,951.41                    0.00               22,951.41
        20336            1         IGFS (7759)                       83,907.74                    0.00               83,907.74
        20356            1         IGFS (7759)                       46,799.75                    0.00               46,799.75
        20430            1         IGFS (7759)                       13,373.72                    0.00               13,373.72
        20443            1         IGFS (7759)                       25,021.02                    0.00               25,021.02
        20449            3         IGFS (7759)                      149,394.87                    0.00              149,394.87
        20452            1         IGFS (7759)                       52,727.80                    0.00               52,727.80
        20457            3         IGFS (7759)                       85,702.79                    0.00               85,702.79
        20523            3         IGFS (7759)                      100,451.65                    0.00              100,451.65
        20530            1         IGFS (7759)                       61,149.31                    0.00               61,149.31
        20531            1         IGFS (7759)                        4,037.97                    0.00                4,037.97
        20555            1         IGFS (7759)                       60,269.01                    0.00               60,269.01
        20589            1         IGFS (7759)                       58,425.51                    0.00               58,425.51
        20651            1         IGFS (7759)                       10,358.47                    0.00               10,358.47
        20729            1         IGFS (7759)                       43,171.34                    0.00               43,171.34
        20775            1         IGFS (7759)                           28.96-                   0.00                   28.96-
        20775            3         IGFS (7759)                       91,285.28                    0.00               91,285.28
        20884            3         IGFS (7759)                      133,205.80                    0.00              133,205.80
        20938            3         IGFS (7759)                       53,638.66                    0.00               53,638.66
        20964            1         IGFS (7759)                       97,638.93                    0.00               97,638.93
        20981            1         IGFS (7759)                       90,915.10                    0.00               90,915.10
        20991            3         IGFS (7759)                       25,990.22                    0.00               25,990.22
        21044            1         IGFS (7759)                       12,883.46                    0.00               12,883.46
        21114            1         IGFS (7759)                       68,765.64                    0.00               68,765.64
        21154            1         IGFS (7759)                        2,616.84                    0.00                2,616.84
        21186            3         IGFS (7759)                      103,990.30                    0.00              103,990.30
        21190            1         IGFS (7759)                       54,125.18                    0.00               54,125.18
        21221            1         IGFS (7759)                       28,590.88                    0.00               28,590.88
        21258            1         IGFS (7759)                      162,686.88                    0.00              162,686.88
        21274            3         IGFS (7759)                       30,096.00                    0.00               30,096.00
        21309            1         IGFS (7759)                       20,214.26                    0.00               20,214.26
        21328            1         IGFS (7759)                       11,292.40                    0.00               11,292.40
        21351            3         IGFS (7759)                      148,434.84                    0.00              148,434.84
        21357            1         IGSI (9737)                       60,169.08                  401.16               60,570.24
        21381            1         IGFS (7759)                      138,337.15                    0.00              138,337.15
1 CMSSN: C529                      ACCUMULATOR HISTORY DETAIL BY ACCUMULATOR TYPE                 DATE: 2018-APR-23  TIME: 12:42PM
                                         FROM 2017 JAN 1  THRU 2017 DEC 31                                           PAGE:      8
0      ACCUMULATOR TYPE     :   1257
       ACCUMULATOR TYPE DSC : YTD DD BUSINESS INCOME
0                                                                         IGFS                    IGSI                   TOTAL
       CNSLT           CACT        CURRENT                         ACCUMULATED             ACCUMULATED             ACCUMULATED
       NUM             TYPE        DEALERSHIP                           AMOUNT                  AMOUNT                  AMOUNT
       ========================================================================================================================
-       21433            3         IGFS (7759)                       58,073.91                    0.00               58,073.91
        21475            1         IGFS (7759)                       20,960.61                    0.00               20,960.61
        21522            1         IGFS (7759)                      112,036.25                    0.00              112,036.25
        21531            1         IGFS (7759)                      145,213.46                    0.00              145,213.46
        21534            3         IGFS (7759)                       81,193.66                    0.00               81,193.66
        21544            1         IGFS (7759)                       35,334.34                    0.00               35,334.34
        21544            3         IGFS (7759)                        1,203.45                    0.00                1,203.45
        21626            1         IGFS (7759)                       24,832.95                    0.00               24,832.95
        21642            3         IGFS (7759)                        2,692.45                    0.00                2,692.45
        21650            1         IGFS (7759)                       16,907.69                    0.00               16,907.69
        21672            1         IGFS (7759)                      160,021.26                    0.00              160,021.26
        21707            1         IGFS (7759)                       19,847.68                    0.00               19,847.68
        21723            3         IGFS (7759)                       10,810.85                    0.00               10,810.85
        21728            1         IGFS (7759)                       96,809.81                    0.00               96,809.81
        21741            1         IGFS (7759)                       76,768.09                    0.00               76,768.09
        21761            1         IGFS (7759)                       66,921.78                    0.00               66,921.78
        21796            1         IGFS (7759)                           23.30-                   0.00                   23.30-
        21918            1         IGFS (7759)                        3,275.48                    0.00                3,275.48
        21920            1         IGFS (7759)                       59,953.68                    0.00               59,953.68
        21932            1         IGFS (7759)                          401.55-                   0.00                  401.55-
        21968            1         IGFS (7759)                       77,403.60                    0.00               77,403.60
        22014            1         IGFS (7759)                          701.59                    0.00                  701.59
        22021            1         IGFS (7759)                       41,582.28                    0.00               41,582.28
        22021            3         IGFS (7759)                       21,884.83                    0.00               21,884.83
        22035            1         IGFS (7759)                       23,427.29                    0.00               23,427.29
        22063            1         IGFS (7759)                        8,680.13                    0.00                8,680.13
        22078            3         IGFS (7759)                       14,591.00                    0.00               14,591.00
        22116            1         IGFS (7759)                          160.55                    0.00                  160.55
        22124            1         IGFS (7759)                      120,465.14                    0.00              120,465.14
        22126            1         IGFS (7759)                       76,845.48                    0.00               76,845.48
        22164            3         IGFS (7759)                      198,873.06                    0.00              198,873.06
        22166            3         IGFS (7759)                       19,247.11                    0.00               19,247.11
        22171            1         IGFS (7759)                      154,812.56                    0.00              154,812.56
        22205            1         IGFS (7759)                       99,399.54                    0.00               99,399.54
        22235            3         IGFS (7759)                      114,314.61                    0.00              114,314.61
        22252            1         IGFS (7759)                       67,842.93                    0.00               67,842.93
        22278            1         IGFS (7759)                       97,483.23                    0.00               97,483.23
        22301            3         IGFS (7759)                      189,825.40                    0.00              189,825.40
        22329            1         IGFS (7759)                      188,301.79                    0.00              188,301.79
        22338            3         IGFS (7759)                       12,044.40                    0.00               12,044.40
        22367            1         IGFS (7759)                       38,903.46                    0.00               38,903.46
        22399            3         IGFS (7759)                      216,776.14                    0.00              216,776.14
        22469            1         IGFS (7759)                      170,810.75                    0.00              170,810.75
        22499            1         IGFS (7759)                      135,755.02                    0.00              135,755.02
        22511            1         IGFS (7759)                       77,440.81                    0.00               77,440.81
        22586            1         IGFS (7759)                       70,517.46                    0.00               70,517.46
        22602            3         IGSI (9737)                      142,334.09                   95.25              142,429.34
        22636            3         IGFS (7759)                       80,889.25                    0.00               80,889.25
1 CMSSN: C529                      ACCUMULATOR HISTORY DETAIL BY ACCUMULATOR TYPE                 DATE: 2018-APR-23  TIME: 12:42PM
                                         FROM 2017 JAN 1  THRU 2017 DEC 31                                           PAGE:      9
0      ACCUMULATOR TYPE     :   1257
       ACCUMULATOR TYPE DSC : YTD DD BUSINESS INCOME
0                                                                         IGFS                    IGSI                   TOTAL
       CNSLT           CACT        CURRENT                         ACCUMULATED             ACCUMULATED             ACCUMULATED
       NUM             TYPE        DEALERSHIP                           AMOUNT                  AMOUNT                  AMOUNT
       ========================================================================================================================
-       22661            1         IGFS (7759)                       42,817.34                    0.00               42,817.34
        22663            1         IGFS (7759)                        1,297.89-                   0.00                1,297.89-
        22750            1         IGFS (7759)                       77,447.48                    0.00               77,447.48
        22821            1         IGFS (7759)                        4,285.53                    0.00                4,285.53
        22846            1         IGFS (7759)                       78,305.54                    0.00               78,305.54
        22874            3         IGFS (7759)                       39,615.76                    0.00               39,615.76
        22885            1         IGFS (7759)                       87,475.20                    0.00               87,475.20
        22918            1         IGFS (7759)                       64,739.68                    0.00               64,739.68
        22939            3         IGFS (7759)                      155,637.94                    0.00              155,637.94
        22968            3         IGFS (7759)                       97,237.41                    0.00               97,237.41
        22976            1         IGFS (7759)                       53,796.67                    0.00               53,796.67
        23017            1         IGFS (7759)                       52,312.34                    0.00               52,312.34
        23065            1         IGFS (7759)                       45,202.44                    0.00               45,202.44
        23110            1         IGFS (7759)                       14,536.93                    0.00               14,536.93
        23133            3         IGFS (7759)                      131,724.62                    0.00              131,724.62
        23191            3         IGFS (7759)                       86,763.27                    0.00               86,763.27
        23335            3         IGFS (7759)                      149,904.88                    0.00              149,904.88
        23362            3         IGFS (7759)                       82,004.10                    0.00               82,004.10
        23426            1         IGFS (7759)                       23,745.83                    0.00               23,745.83
        23440            1         IGFS (7759)                       14,025.14                    0.00               14,025.14
        23454            1         IGFS (7759)                       78,835.17                    0.00               78,835.17
        23579            1         IGFS (7759)                          772.45                    0.00                  772.45
        23597            1         IGFS (7759)                       44,839.81                    0.00               44,839.81
        23601            1         IGFS (7759)                      124,379.39                    0.00              124,379.39
        23681            1         IGFS (7759)                       12,997.01                    0.00               12,997.01
        23728            1         IGFS (7759)                       67,108.19                    0.00               67,108.19
        23733            1         IGFS (7759)                       13,370.17                    0.00               13,370.17
        23753            1         IGFS (7759)                       47,419.87                    0.00               47,419.87
        23766            1         IGFS (7759)                      118,873.92                    0.00              118,873.92
        23822            1         IGFS (7759)                            0.04                    0.00                    0.04
        23878            1         IGFS (7759)                       76,962.83                    0.00               76,962.83
        23880            3         IGFS (7759)                       22,901.41                    0.00               22,901.41
        23919            3         IGFS (7759)                      283,421.78                    0.00              283,421.78
        23930            1         IGFS (7759)                       34,038.68                    0.00               34,038.68
        23996            1         IGFS (7759)                      174,698.44                    0.00              174,698.44
        24041            1         IGFS (7759)                       96,191.46                    0.00               96,191.46
        24123            1         IGFS (7759)                       36,178.93                    0.00               36,178.93
        24134            1         IGFS (7759)                       80,168.99                    0.00               80,168.99
        24172            1         IGFS (7759)                       81,582.22                    0.00               81,582.22
        24189            1         IGFS (7759)                       45,558.03                    0.00               45,558.03
        24194            3         IGFS (7759)                      164,121.59                    0.00              164,121.59
        24197            1         IGFS (7759)                       23,155.01                    0.00               23,155.01
        24239            1         IGFS (7759)                       89,460.54                    0.00               89,460.54
        24257            1         IGFS (7759)                        3,223.25                    0.00                3,223.25
        24281            3         IGFS (7759)                       35,473.51                    0.00               35,473.51
        24350            1         IGFS (7759)                        4,462.76                    0.00                4,462.76
        24376            3         IGFS (7759)                      119,847.07                    0.00              119,847.07
        24396            1         IGFS (7759)                       50,653.66                    0.00               50,653.66
1 CMSSN: C529                      ACCUMULATOR HISTORY DETAIL BY ACCUMULATOR TYPE                 DATE: 2018-APR-23  TIME: 12:42PM
                                         FROM 2017 JAN 1  THRU 2017 DEC 31                                           PAGE:     10
0      ACCUMULATOR TYPE     :   1257
       ACCUMULATOR TYPE DSC : YTD DD BUSINESS INCOME
0                                                                         IGFS                    IGSI                   TOTAL
       CNSLT           CACT        CURRENT                         ACCUMULATED             ACCUMULATED             ACCUMULATED
       NUM             TYPE        DEALERSHIP                           AMOUNT                  AMOUNT                  AMOUNT
       ========================================================================================================================
-       24440            3         IGFS (7759)                       90,910.57                    0.00               90,910.57
        24493            1         IGFS (7759)                       24,556.55                    0.00               24,556.55
        24494            1         IGFS (7759)                      112,528.30                    0.00              112,528.30
        24598            1         IGFS (7759)                       64,002.48                    0.00               64,002.48
        24658            1         IGFS (7759)                       63,685.02                    0.00               63,685.02
        24689            1         IGFS (7759)                       26,053.32                    0.00               26,053.32
        24735            1         IGFS (7759)                       55,732.80                    0.00               55,732.80
        24775            1         IGFS (7759)                        6,250.45                    0.00                6,250.45
        24786            3         IGFS (7759)                       98,681.63                    0.00               98,681.63
        24860            1         IGFS (7759)                       27,897.21                    0.00               27,897.21
        24879            1         IGFS (7759)                       44,105.23                    0.00               44,105.23
        24879            3         IGFS (7759)                       26,039.75                    0.00               26,039.75
        24925            3         IGFS (7759)                      128,396.82                    0.00              128,396.82
        24977            1         IGFS (7759)                      134,717.83                    0.00              134,717.83
        24990            3         IGFS (7759)                      171,378.53                    0.00              171,378.53
        25036            3         IGFS (7759)                       19,968.34                    0.00               19,968.34
        25049            1         IGFS (7759)                      133,045.79                    0.00              133,045.79
        25058            3         IGFS (7759)                       39,124.52                    0.00               39,124.52
        25089            1         IGFS (7759)                       14,708.54                    0.00               14,708.54
        25110            3         IGFS (7759)                       19,109.36                    0.00               19,109.36
        25112            1         IGFS (7759)                       90,070.40                    0.00               90,070.40
        25116            1         IGFS (7759)                        8,754.11                    0.00                8,754.11
        25132            1         IGFS (7759)                           51.55                    0.00                   51.55
        25210            1         IGFS (7759)                      216,287.90                    0.00              216,287.90
        25232            1         IGFS (7759)                       64,842.54                    0.00               64,842.54
        25245            3         IGFS (7759)                       80,254.74                    0.00               80,254.74
        25260            1         IGFS (7759)                        1,714.95                    0.00                1,714.95
        25269            1         IGFS (7759)                        1,803.72                    0.00                1,803.72
        25269            3         IGFS (7759)                       45,126.92                    0.00               45,126.92
        25287            1         IGFS (7759)                       56,439.16                    0.00               56,439.16
        25305            1         IGFS (7759)                       44,684.37                    0.00               44,684.37
        25317            1         IGFS (7759)                       52,937.05                    0.00               52,937.05
        25337            1         IGFS (7759)                        1,532.47                    0.00                1,532.47
        25337            3         IGFS (7759)                        8,288.04                    0.00                8,288.04
        25367            1         IGFS (7759)                       65,218.86                    0.00               65,218.86
        25371            1         IGFS (7759)                       27,552.41                    0.00               27,552.41
        25379            1         IGFS (7759)                          705.84                    0.00                  705.84
        25397            1         IGFS (7759)                       22,474.30                    0.00               22,474.30
        25397            3         IGFS (7759)                          593.48                    0.00                  593.48
        25399            1         IGFS (7759)                       10,590.58                    0.00               10,590.58
        25425            1         IGFS (7759)                       83,355.51                    0.00               83,355.51
        25428            1         IGFS (7759)                       53,553.75                    0.00               53,553.75
        25475            1         IGFS (7759)                       23,481.61                    0.00               23,481.61
        25487            1         IGFS (7759)                      104,354.94                    0.00              104,354.94
        25488            1         IGFS (7759)                       88,004.54                    0.00               88,004.54
        25561            1         IGFS (7759)                       27,981.75                    0.00               27,981.75
        25608            1         IGFS (7759)                       65,409.50                    0.00               65,409.50
        25635            1         IGFS (7759)                       16,548.65                    0.00               16,548.65
1 CMSSN: C529                      ACCUMULATOR HISTORY DETAIL BY ACCUMULATOR TYPE                 DATE: 2018-APR-23  TIME: 12:42PM
                                         FROM 2017 JAN 1  THRU 2017 DEC 31                                           PAGE:     11
0      ACCUMULATOR TYPE     :   1257
       ACCUMULATOR TYPE DSC : YTD DD BUSINESS INCOME
0                                                                         IGFS                    IGSI                   TOTAL
       CNSLT           CACT        CURRENT                         ACCUMULATED             ACCUMULATED             ACCUMULATED
       NUM             TYPE        DEALERSHIP                           AMOUNT                  AMOUNT                  AMOUNT
       ========================================================================================================================
-       25638            1         IGFS (7759)                        6,325.93                    0.00                6,325.93
        25640            1         IGFS (7759)                       40,641.12                    0.00               40,641.12
        25677            1         IGFS (7759)                       30,385.63                    0.00               30,385.63
        25697            1         IGFS (7759)                       57,990.94                    0.00               57,990.94
        25722            1         IGFS (7759)                       42,906.11                    0.00               42,906.11
        25751            3         IGFS (7759)                       13,218.12                    0.00               13,218.12
        25770            1         IGFS (7759)                       78,839.12                    0.00               78,839.12
        25771            1         IGFS (7759)                       12,635.22                    0.00               12,635.22
        25771            3         IGFS (7759)                      139,037.75                    0.00              139,037.75
        25790            1         IGFS (7759)                       34,458.63                    0.00               34,458.63
        25797            1         IGFS (7759)                       25,548.39                    0.00               25,548.39
        25830            1         IGFS (7759)                       28,310.78                    0.00               28,310.78
        25832            1         IGFS (7759)                       29,546.28                    0.00               29,546.28
        25882            1         IGFS (7759)                       48,829.32                    0.00               48,829.32
        25905            1         IGFS (7759)                       45,019.33                    0.00               45,019.33
        25962            1         IGFS (7759)                       74,576.84                    0.00               74,576.84
        25963            1         IGFS (7759)                       87,306.98                    0.00               87,306.98
        25984            1         IGFS (7759)                       13,225.17                    0.00               13,225.17
        26021            1         IGFS (7759)                       68,984.45                    0.00               68,984.45
        26036            1         IGFS (7759)                       25,711.44                    0.00               25,711.44
        26067            1         IGFS (7759)                       34,316.58                    0.00               34,316.58
        26103            1         IGFS (7759)                       55,122.21                    0.00               55,122.21
        26127            3         IGFS (7759)                       31,126.60                    0.00               31,126.60
        26174            1         IGFS (7759)                           10.45                    0.00                   10.45
        26174            3         IGFS (7759)                       50,076.38                    0.00               50,076.38
        26203            1         IGFS (7759)                      126,360.55                    0.00              126,360.55
        26214            1         IGFS (7759)                      131,941.64                    0.00              131,941.64
        26261            3         IGFS (7759)                       15,345.37                    0.00               15,345.37
        26276            1         IGFS (7759)                        2,753.00                    0.00                2,753.00
        26276            3         IGFS (7759)                       16,537.46                    0.00               16,537.46
        26338            1         IGFS (7759)                       59,546.39                    0.00               59,546.39
        26346            3         IGFS (7759)                      110,531.05                    0.00              110,531.05
        26373            1         IGFS (7759)                       70,815.12                    0.00               70,815.12
        26516            1         IGFS (7759)                       83,574.97                    0.00               83,574.97
        26533            1         IGFS (7759)                       21,677.55                    0.00               21,677.55
        26574            1         IGFS (7759)                       50,881.58                    0.00               50,881.58
        26626            1         IGFS (7759)                       14,858.70                    0.00               14,858.70
        26715            1         IGFS (7759)                       19,913.09                    0.00               19,913.09
        26723            1         IGFS (7759)                       10,636.72                    0.00               10,636.72
        26725            1         IGFS (7759)                          613.16-                   0.00                  613.16-
        26725            3         IGFS (7759)                       25,431.86                    0.00               25,431.86
        26737            1         IGFS (7759)                       22,215.36                    0.00               22,215.36
        26783            1         IGFS (7759)                       19,373.46                    0.00               19,373.46
        26797            1         IGFS (7759)                       40,005.92                    0.00               40,005.92
        26813            1         IGFS (7759)                       56,934.65                    0.00               56,934.65
        26858            1         IGFS (7759)                      115,043.02                    0.00              115,043.02
        26910            1         IGFS (7759)                       25,695.19                    0.00               25,695.19
        26925            1         IGFS (7759)                        9,837.52                    0.00                9,837.52
1 CMSSN: C529                      ACCUMULATOR HISTORY DETAIL BY ACCUMULATOR TYPE                 DATE: 2018-APR-23  TIME: 12:42PM
                                         FROM 2017 JAN 1  THRU 2017 DEC 31                                           PAGE:     12
0      ACCUMULATOR TYPE     :   1257
       ACCUMULATOR TYPE DSC : YTD DD BUSINESS INCOME
0                                                                         IGFS                    IGSI                   TOTAL
       CNSLT           CACT        CURRENT                         ACCUMULATED             ACCUMULATED             ACCUMULATED
       NUM             TYPE        DEALERSHIP                           AMOUNT                  AMOUNT                  AMOUNT
       ========================================================================================================================
-       26946            1         IGFS (7759)                       37,775.98                    0.00               37,775.98
        26946            3         IGFS (7759)                       37,741.09                    0.00               37,741.09
        26970            3         IGFS (7759)                       54,822.05                    0.00               54,822.05
        27021            1         IGFS (7759)                       31,854.11                    0.00               31,854.11
        27045            1         IGFS (7759)                          410.29                    0.00                  410.29
        27067            1         IGFS (7759)                       31,698.72                    0.00               31,698.72
        27082            1         IGFS (7759)                       84,381.24                    0.00               84,381.24
        27111            1         IGFS (7759)                       32,079.00                    0.00               32,079.00
        27139            1         IGFS (7759)                       16,633.11                    0.00               16,633.11
        27139            3         IGFS (7759)                       54,284.38                    0.00               54,284.38
        27156            1         IGFS (7759)                       38,191.21                    0.00               38,191.21
        27166            1         IGFS (7759)                       20,119.41                    0.00               20,119.41
        27181            1         IGFS (7759)                      142,881.47                    0.00              142,881.47
        27183            1         IGFS (7759)                       42,257.17                    0.00               42,257.17
        27196            1         IGFS (7759)                       59,275.12                    0.00               59,275.12
        27276            1         IGFS (7759)                       74,719.45                    0.00               74,719.45
        27293            1         IGFS (7759)                        5,742.58                    0.00                5,742.58
        27298            1         IGFS (7759)                       38,971.12                    0.00               38,971.12
        27332            1         IGFS (7759)                       13,184.19                    0.00               13,184.19
        27337            3         IGFS (7759)                       31,701.40                    0.00               31,701.40
        27363            1         IGFS (7759)                       25,316.85                    0.00               25,316.85
        27392            3         IGFS (7759)                      162,278.82                    0.00              162,278.82
        27425            1         IGFS (7759)                       15,767.46                    0.00               15,767.46
        27465            1         IGFS (7759)                       22,370.50                    0.00               22,370.50
        27480            1         IGFS (7759)                        1,497.07                    0.00                1,497.07
        27483            1         IGFS (7759)                        6,729.60                    0.00                6,729.60
        27483            2         IGFS (7759)                           90.50                    0.00                   90.50
        27485            1         IGFS (7759)                      133,364.63                    0.00              133,364.63
        27485            3         IGFS (7759)                       25,013.96                    0.00               25,013.96
        27614            1         IGFS (7759)                       14,391.96                    0.00               14,391.96
        27657            1         IGFS (7759)                       11,613.40                    0.00               11,613.40
        27669            1         IGFS (7759)                       38,463.82                    0.00               38,463.82
        27687            1         IGFS (7759)                      126,269.08                    0.00              126,269.08
        27795            1         IGFS (7759)                        2,757.60                    0.00                2,757.60
        27817            1         IGFS (7759)                       28,938.36                    0.00               28,938.36
        27861            1         IGFS (7759)                        2,393.79                    0.00                2,393.79
        27929            1         IGFS (7759)                       52,180.81                    0.00               52,180.81
        27930            1         IGFS (7759)                       25,622.26                    0.00               25,622.26
        27949            1         IGFS (7759)                       73,340.64                    0.00               73,340.64
        27995            1         IGFS (7759)                        4,252.37                    0.00                4,252.37
        28109            1         IGFS (7759)                      116,771.66                    0.00              116,771.66
        28188            1         IGFS (7759)                       66,562.79                    0.00               66,562.79
        28531            1         IGFS (7759)                       21,543.75                    0.00               21,543.75
        28668            1         IGFS (7759)                       56,746.33                    0.00               56,746.33
        28764            1         IGFS (7759)                       38,676.97                    0.00               38,676.97
        28860            1         IGFS (7759)                       12,552.34                    0.00               12,552.34
        28860            3         IGFS (7759)                       35,566.05                    0.00               35,566.05
        28904            1         IGFS (7759)                       61,939.24                    0.00               61,939.24
1 CMSSN: C529                      ACCUMULATOR HISTORY DETAIL BY ACCUMULATOR TYPE                 DATE: 2018-APR-23  TIME: 12:42PM
                                         FROM 2017 JAN 1  THRU 2017 DEC 31                                           PAGE:     13
0      ACCUMULATOR TYPE     :   1257
       ACCUMULATOR TYPE DSC : YTD DD BUSINESS INCOME
0                                                                         IGFS                    IGSI                   TOTAL
       CNSLT           CACT        CURRENT                         ACCUMULATED             ACCUMULATED             ACCUMULATED
       NUM             TYPE        DEALERSHIP                           AMOUNT                  AMOUNT                  AMOUNT
       ========================================================================================================================
-       28941            1         IGFS (7759)                       13,914.86                    0.00               13,914.86
        29596            1         IGFS (7759)                        1,041.48                    0.00                1,041.48
        29596            3         IGFS (7759)                       74,475.89                    0.00               74,475.89
        29748            1         IGFS (7759)                        1,418.59                    0.00                1,418.59
        29748            3         IGFS (7759)                        1,196.38                    0.00                1,196.38
        29787            1         IGFS (7759)                       11,519.85                    0.00               11,519.85
        29788            1         IGFS (7759)                            4.52-                   0.00                    4.52-
        29893            1         IGFS (7759)                       13,836.72                    0.00               13,836.72
        29990            1         IGFS (7759)                       19,258.42                    0.00               19,258.42
        30538            1         IGFS (7759)                      117,070.81                    0.00              117,070.81
        30579            1         IGFS (7759)                          488.22-                   0.00                  488.22-
        31929            1         IGFS (7759)                       11,221.13                    0.00               11,221.13
        31970            1         IGFS (7759)                       53,926.73                    0.00               53,926.73
        32021            1         IGFS (7759)                       11,619.10                    0.00               11,619.10
        32063            1         IGFS (7759)                       12,171.01                    0.00               12,171.01
        32123            1         IGFS (7759)                        1,517.53                    0.00                1,517.53
        32124            1         IGFS (7759)                        2,554.53                    0.00                2,554.53
        80019            7         IGFS (7759)                        3,510.88                    0.00                3,510.88
        80020            5         IGFS (7759)                        1,595.95-                   0.00                1,595.95-
        80020            7         IGFS (7759)                        5,063.52                    0.00                5,063.52
        80051            5         IGFS (7759)                          114.98-                   0.00                  114.98-
        80051            7         IGFS (7759)                          114.98                    0.00                  114.98
        80052            5         IGFS (7759)                        4,530.79-                   0.00                4,530.79-
        80052            7         IGFS (7759)                       14,236.84                    0.00               14,236.84
        80059            5         IGFS (7759)                          514.69-                   0.00                  514.69-
        80059            7         IGFS (7759)                        2,750.59                    0.00                2,750.59
        80063            5         IGFS (7759)                        1,740.59-                   0.00                1,740.59-
        80063            7         IGFS (7759)                        5,018.90                    0.00                5,018.90
        80075            5         IGFS (7759)                        3,399.20-                   0.00                3,399.20-
        80075            7         IGFS (7759)                       17,698.84                    0.00               17,698.84
        80090            5         IGFS (7759)                        1,936.66-                   0.00                1,936.66-
        80090            7         IGFS (7759)                        9,518.66                    0.00                9,518.66
        80091            5         IGFS (7759)                        2,363.22-                   0.00                2,363.22-
        80091            7         IGFS (7759)                       11,855.02                    0.00               11,855.02
        80095            5         IGFS (7759)                        1,787.54-                   0.00                1,787.54-
        80095            7         IGFS (7759)                        9,178.58                    0.00                9,178.58
        80195            7         IGFS (7759)                        5,661.29                    0.00                5,661.29
        80573            7         IGFS (7759)                        1,503.97                    0.00                1,503.97
        80609            5         IGFS (7759)                          960.77-                   0.00                  960.77-
        80609            7         IGFS (7759)                        4,285.27                    0.00                4,285.27
        80943            7         IGFS (7759)                          241.73                    0.00                  241.73
-                                                           -------------------     -------------------     -------------------
       TOTAL ACCUMULATED AMOUNT                                  31,897,594.30               33,613.90           31,931,208.20
0                                               ********** END OF REPORT **********