1 CMSSN: C529                      ACCUMULATOR HISTORY DETAIL BY ACCUMULATOR TYPE                 DATE: 2018-APR-25  TIME:  8:08AM
                                         FROM 2017 JAN 1  THRU 2017 DEC 31                                           PAGE:      1
0      ACCUMULATOR TYPE     :    881
       ACCUMULATOR TYPE DSC : YTD RD ASSET INCOME
0                                                                         IGFS                    IGSI                   TOTAL
       CNSLT           CACT        CURRENT                         ACCUMULATED             ACCUMULATED             ACCUMULATED
       NUM             TYPE        DEALERSHIP                           AMOUNT                  AMOUNT                  AMOUNT
       ========================================================================================================================
-        1087            3         IGFS (7759)                       81,391.33                    0.00               81,391.33
         1370            3         IGFS (7759)                       44,080.63                    0.00               44,080.63
         1495            3         IGFS (7759)                       77,966.99                    0.00               77,966.99
         1703            1         IGFS (7759)                       61,893.91                    0.00               61,893.91
         1883            3         IGFS (7759)                       79,667.11                    0.00               79,667.11
         1925            3         IGFS (7759)                       79,489.85                    0.00               79,489.85
         2052            3         IGFS (7759)                      103,161.83                    0.00              103,161.83
         2455            1         IGFS (7759)                      101,701.78                    0.00              101,701.78
         2525            1         IGFS (7759)                       95,444.03                    0.00               95,444.03
         2776            3         IGFS (7759)                       87,411.60                    0.00               87,411.60
         2838            1         IGFS (7759)                       68,213.23                    0.00               68,213.23
         3397            1         IGFS (7759)                       61,315.51                    0.00               61,315.51
         3582            3         IGFS (7759)                       78,589.15                    0.00               78,589.15
         3600            3         IGFS (7759)                       53,056.04                    0.00               53,056.04
         3604            3         IGFS (7759)                       99,173.72                    0.00               99,173.72
         3794            1         IGFS (7759)                       69,894.16                    0.00               69,894.16
         3895            3         IGFS (7759)                       90,070.31                    0.00               90,070.31
         3918            3         IGFS (7759)                       77,293.55                    0.00               77,293.55
         4518            3         IGFS (7759)                       63,933.94                    0.00               63,933.94
         4837            1         IGFS (7759)                       87,882.67                    0.00               87,882.67
         4957            1         IGFS (7759)                       82,239.15                    0.00               82,239.15
         5237            3         IGFS (7759)                       50,028.83                    0.00               50,028.83
         5248            3         IGFS (7759)                       54,124.93                    0.00               54,124.93
         6769            3         IGFS (7759)                       73,865.99                    0.00               73,865.99
         6803            1         IGFS (7759)                       97,928.80                    0.00               97,928.80
         7937            1         IGFS (7759)                       75,583.88                    0.00               75,583.88
         8161            3         IGFS (7759)                      104,573.82                    0.00              104,573.82
         9832            3         IGFS (7759)                      101,672.33                    0.00              101,672.33
         9910            3         IGFS (7759)                       65,692.94                    0.00               65,692.94
        11123            3         IGFS (7759)                       73,649.65                    0.00               73,649.65
        11324            3         IGFS (7759)                       56,003.91                    0.00               56,003.91
        11477            3         IGFS (7759)                       84,174.35                    0.00               84,174.35
        11495            3         IGFS (7759)                       79,734.20                    0.00               79,734.20
        11636            1         IGFS (7759)                       44,553.47                    0.00               44,553.47
        12014            3         IGFS (7759)                       62,950.98                    0.00               62,950.98
        12208            1         IGFS (7759)                       82,113.86                    0.00               82,113.86
        12277            1         IGFS (7759)                       69,766.55                    0.00               69,766.55
        12672            3         IGFS (7759)                       65,668.81                    0.00               65,668.81
        12767            1         IGFS (7759)                       53,757.77                    0.00               53,757.77
        12798            3         IGFS (7759)                       29,472.55                    0.00               29,472.55
        12900            3         IGFS (7759)                       72,415.19                    0.00               72,415.19
        13089            3         IGFS (7759)                       60,661.43                    0.00               60,661.43
        13265            3         IGFS (7759)                       63,408.63                    0.00               63,408.63
        13701            1         IGFS (7759)                       74,165.43                    0.00               74,165.43
        13707            1         IGFS (7759)                       82,338.43                    0.00               82,338.43
        13708            3         IGFS (7759)                       60,466.89                    0.00               60,466.89
        14032            3         IGFS (7759)                       83,631.96                    0.00               83,631.96
        14443            1         IGFS (7759)                       71,178.38                    0.00               71,178.38
1 CMSSN: C529                      ACCUMULATOR HISTORY DETAIL BY ACCUMULATOR TYPE                 DATE: 2018-APR-25  TIME:  8:08AM
                                         FROM 2017 JAN 1  THRU 2017 DEC 31                                           PAGE:      2
0      ACCUMULATOR TYPE     :    881
       ACCUMULATOR TYPE DSC : YTD RD ASSET INCOME
0                                                                         IGFS                    IGSI                   TOTAL
       CNSLT           CACT        CURRENT                         ACCUMULATED             ACCUMULATED             ACCUMULATED
       NUM             TYPE        DEALERSHIP                           AMOUNT                  AMOUNT                  AMOUNT
       ========================================================================================================================
-       14493            3         IGFS (7759)                       60,833.57                    0.00               60,833.57
        14574            3         IGFS (7759)                       43,499.74                    0.00               43,499.74
        14747            3         IGFS (7759)                       93,774.86                    0.00               93,774.86
        14772            1         IGFS (7759)                       79,442.27                    0.00               79,442.27
        14884            3         IGFS (7759)                      120,132.48                    0.00              120,132.48
        15018            3         IGFS (7759)                       76,120.18                    0.00               76,120.18
        15152            3         IGFS (7759)                       57,225.06                    0.00               57,225.06
        15229            1         IGFS (7759)                       72,916.60                    0.00               72,916.60
        15979            1         IGFS (7759)                          427.62                    0.00                  427.62
        15979            3         IGFS (7759)                      104,414.29                    0.00              104,414.29
        16138            3         IGFS (7759)                       53,954.25                    0.00               53,954.25
        16251            1         IGFS (7759)                       60,007.06                    0.00               60,007.06
        16443            3         IGFS (7759)                       75,824.89                    0.00               75,824.89
        16661            1         IGFS (7759)                       66,766.81                    0.00               66,766.81
        17227            3         IGFS (7759)                       64,315.84                    0.00               64,315.84
        17667            3         IGFS (7759)                       63,621.39                    0.00               63,621.39
        17726            3         IGFS (7759)                       39,026.03                    0.00               39,026.03
        17929            1         IGFS (7759)                       66,190.55                    0.00               66,190.55
        18090            1         IGFS (7759)                      102,969.77                    0.00              102,969.77
        18506            1         IGFS (7759)                       28,164.87                    0.00               28,164.87
        18546            1         IGFS (7759)                       85,836.92                    0.00               85,836.92
        18628            1         IGFS (7759)                       85,422.40                    0.00               85,422.40
        18783            1         IGFS (7759)                       64,162.15                    0.00               64,162.15
        19019            1         IGFS (7759)                       80,117.46                    0.00               80,117.46
        19280            3         IGFS (7759)                       67,656.78                    0.00               67,656.78
        19288            3         IGFS (7759)                       75,713.01                    0.00               75,713.01
        19365            3         IGFS (7759)                       74,475.32                    0.00               74,475.32
        19561            3         IGFS (7759)                       87,924.07                    0.00               87,924.07
        19649            1         IGFS (7759)                       47,723.35                    0.00               47,723.35
        19720            3         IGFS (7759)                       65,663.94                    0.00               65,663.94
        19790            1         IGFS (7759)                       93,072.13                    0.00               93,072.13
        19870            1         IGFS (7759)                       79,071.77                    0.00               79,071.77
        20019            3         IGFS (7759)                       63,425.97                    0.00               63,425.97
        20651            1         IGFS (7759)                       72,664.68                    0.00               72,664.68
        20684            3         IGFS (7759)                       58,943.79                    0.00               58,943.79
        20775            3         IGFS (7759)                      100,373.82                    0.00              100,373.82
        21636            1         IGFS (7759)                       82,318.11                    0.00               82,318.11
        21642            3         IGFS (7759)                       77,124.78                    0.00               77,124.78
        21761            1         IGFS (7759)                       21,266.42                    0.00               21,266.42
        22235            3         IGFS (7759)                       68,971.56                    0.00               68,971.56
        22522            1         IGFS (7759)                       27,846.73                    0.00               27,846.73
        22939            3         IGFS (7759)                       96,166.92                    0.00               96,166.92
        24281            3         IGFS (7759)                       70,489.43                    0.00               70,489.43
        24439            3         IGFS (7759)                       60,429.58                    0.00               60,429.58
        24786            3         IGFS (7759)                       61,859.42                    0.00               61,859.42
        25036            3         IGFS (7759)                       71,953.51                    0.00               71,953.51
        25397            1         IGFS (7759)                       88,079.55                    0.00               88,079.55
        26127            3         IGFS (7759)                       65,818.12                    0.00               65,818.12
1 CMSSN: C529                      ACCUMULATOR HISTORY DETAIL BY ACCUMULATOR TYPE                 DATE: 2018-APR-25  TIME:  8:08AM
                                         FROM 2017 JAN 1  THRU 2017 DEC 31                                           PAGE:      3
0      ACCUMULATOR TYPE     :    881
       ACCUMULATOR TYPE DSC : YTD RD ASSET INCOME
0                                                                         IGFS                    IGSI                   TOTAL
       CNSLT           CACT        CURRENT                         ACCUMULATED             ACCUMULATED             ACCUMULATED
       NUM             TYPE        DEALERSHIP                           AMOUNT                  AMOUNT                  AMOUNT
       ========================================================================================================================
-       26346            3         IGFS (7759)                       60,715.41                    0.00               60,715.41
        32001            1         IGFS (7759)                       13,291.74                    0.00               13,291.74
        32002            1         IGFS (7759)                       12,694.25                    0.00               12,694.25
        32003            1         IGFS (7759)                       22,815.88                    0.00               22,815.88
        32008            1         IGFS (7759)                       23,852.58                    0.00               23,852.58
        32048            1         IGFS (7759)                       28,322.79                    0.00               28,322.79
        32050            1         IGFS (7759)                       31,786.80                    0.00               31,786.80
        32094            1         IGFS (7759)                        9,287.29                    0.00                9,287.29
        32095            1         IGFS (7759)                        7,453.45                    0.00                7,453.45
        32184            1         IGFS (7759)                       13,531.59                    0.00               13,531.59
-                                                           -------------------     -------------------     -------------------
       TOTAL ACCUMULATED AMOUNT                                   7,085,406.05                    0.00            7,085,406.05
0                                               ********** END OF REPORT **********