1 CMSSN: C529                      ACCUMULATOR HISTORY DETAIL BY ACCUMULATOR TYPE                 DATE: 2018-APR-23  TIME: 12:43PM
                                         FROM 2017 JAN 1  THRU 2017 DEC 31                                           PAGE:      1
0      ACCUMULATOR TYPE     :   1259
       ACCUMULATOR TYPE DSC : YTD RD BUSINESS INCOME
0                                                                         IGFS                    IGSI                   TOTAL
       CNSLT           CACT        CURRENT                         ACCUMULATED             ACCUMULATED             ACCUMULATED
       NUM             TYPE        DEALERSHIP                           AMOUNT                  AMOUNT                  AMOUNT
       ========================================================================================================================
-        1087            3         IGFS (7759)                      443,183.23                    0.00              443,183.23
         1370            3         IGFS (7759)                      258,318.67                    0.00              258,318.67
         1495            3         IGFS (7759)                      307,209.62                    0.00              307,209.62
         1703            1         IGFS (7759)                      305,655.61                    0.00              305,655.61
         1883            3         IGFS (7759)                      452,319.64                    0.00              452,319.64
         1925            3         IGFS (7759)                      420,640.77                    0.00              420,640.77
         2052            3         IGFS (7759)                      584,355.90                    0.00              584,355.90
         2455            1         IGFS (7759)                      402,863.89                    0.00              402,863.89
         2525            1         IGFS (7759)                      375,317.16                    0.00              375,317.16
         2776            3         IGFS (7759)                      608,893.14                    0.00              608,893.14
         2838            1         IGFS (7759)                      372,423.56                    0.00              372,423.56
         3397            1         IGFS (7759)                      211,542.43                    0.00              211,542.43
         3582            3         IGFS (7759)                      385,120.98                    0.00              385,120.98
         3600            3         IGFS (7759)                      290,590.51                    0.00              290,590.51
         3604            3         IGFS (7759)                      334,259.50                    0.00              334,259.50
         3794            1         IGFS (7759)                      284,691.50                    0.00              284,691.50
         3895            3         IGFS (7759)                      646,361.67                    0.00              646,361.67
         3918            3         IGFS (7759)                      377,942.00                    0.00              377,942.00
         4122            1         IGFS (7759)                      118,088.90                    0.00              118,088.90
         4129            3         IGSI (9737)                      124,903.56                    0.00              124,903.56
         4196            1         IGFS (7759)                      131,929.64                    0.00              131,929.64
         4494            3         IGFS (7759)                      306,611.30                    0.00              306,611.30
         4518            1         IGFS (7759)                        2,315.84-                   0.00                2,315.84-
         4518            3         IGFS (7759)                      342,868.39                    0.00              342,868.39
         4837            1         IGFS (7759)                      377,042.99                    0.00              377,042.99
         4957            1         IGFS (7759)                      294,094.24                    0.00              294,094.24
         5237            3         IGFS (7759)                      309,495.80                    0.00              309,495.80
         5248            3         IGFS (7759)                      326,047.20                    0.00              326,047.20
         6077            1         IGFS (7759)                       94,533.14                    0.00               94,533.14
         6122            1         IGFS (7759)                      101,221.33                    0.00              101,221.33
         6769            3         IGFS (7759)                      306,088.53                    0.00              306,088.53
         6803            1         IGFS (7759)                      436,254.69                    0.00              436,254.69
         6897            1         IGFS (7759)                      136,360.19                    0.00              136,360.19
         7065            3         IGFS (7759)                      100,170.92                    0.00              100,170.92
         7937            1         IGFS (7759)                      324,303.45                    0.00              324,303.45
         8161            3         IGFS (7759)                      516,819.56                    0.00              516,819.56
         8374            3         IGFS (7759)                      135,190.55                    0.00              135,190.55
         8851            3         IGFS (7759)                      138,922.08                    0.00              138,922.08
         9433            3         IGFS (7759)                      215,662.49                    0.00              215,662.49
         9785            1         IGFS (7759)                      396,181.10                    0.00              396,181.10
         9832            3         IGFS (7759)                      393,702.99                    0.00              393,702.99
         9910            3         IGFS (7759)                      230,140.93                    0.00              230,140.93
        11123            3         IGFS (7759)                      384,612.92                    0.00              384,612.92
        11324            3         IGFS (7759)                      274,142.34                    0.00              274,142.34
        11477            1         IGFS (7759)                          393.08-                   0.00                  393.08-
        11477            3         IGFS (7759)                      283,935.50                    0.00              283,935.50
        11495            3         IGFS (7759)                      270,389.26                    0.00              270,389.26
        11636            1         IGFS (7759)                      168,631.03                    0.00              168,631.03
1 CMSSN: C529                      ACCUMULATOR HISTORY DETAIL BY ACCUMULATOR TYPE                 DATE: 2018-APR-23  TIME: 12:43PM
                                         FROM 2017 JAN 1  THRU 2017 DEC 31                                           PAGE:      2
0      ACCUMULATOR TYPE     :   1259
       ACCUMULATOR TYPE DSC : YTD RD BUSINESS INCOME
0                                                                         IGFS                    IGSI                   TOTAL
       CNSLT           CACT        CURRENT                         ACCUMULATED             ACCUMULATED             ACCUMULATED
       NUM             TYPE        DEALERSHIP                           AMOUNT                  AMOUNT                  AMOUNT
       ========================================================================================================================
-       11959            1         IGFS (7759)                          279.96-                   0.00                  279.96-
        11959            3         IGFS (7759)                      132,378.20                    0.00              132,378.20
        12014            3         IGFS (7759)                      241,501.09                    0.00              241,501.09
        12208            1         IGFS (7759)                      232,251.84                    0.00              232,251.84
        12272            1         IGFS (7759)                      163,305.45                    0.00              163,305.45
        12277            1         IGFS (7759)                      325,244.14                    0.00              325,244.14
        12672            3         IGFS (7759)                      259,777.77                    0.00              259,777.77
        12767            1         IGFS (7759)                      210,805.41                    0.00              210,805.41
        12798            1         IGFS (7759)                          713.01-                   0.00                  713.01-
        12798            3         IGFS (7759)                      190,679.72                    0.00              190,679.72
        12900            3         IGFS (7759)                      244,854.64                    0.00              244,854.64
        13089            3         IGFS (7759)                      256,254.43                    0.00              256,254.43
        13265            3         IGFS (7759)                      264,190.81                    0.00              264,190.81
        13694            1         IGFS (7759)                      140,834.01                    0.00              140,834.01
        13701            1         IGFS (7759)                      269,077.83                    0.00              269,077.83
        13707            1         IGFS (7759)                      417,857.26                    0.00              417,857.26
        13708            1         IGFS (7759)                          786.16-                   0.00                  786.16-
        13708            3         IGFS (7759)                      196,018.18                    0.00              196,018.18
        14032            3         IGFS (7759)                      310,571.81                    0.00              310,571.81
        14214            1         IGFS (7759)                       92,343.73                    0.00               92,343.73
        14290            3         IGFS (7759)                      132,337.95                    0.00              132,337.95
        14306            1         IGFS (7759)                      129,092.75                    0.00              129,092.75
        14443            1         IGFS (7759)                      477,711.07                    0.00              477,711.07
        14493            3         IGFS (7759)                      247,072.20                    0.00              247,072.20
        14574            1         IGFS (7759)                        1,984.32-                   0.00                1,984.32-
        14574            3         IGFS (7759)                      281,476.89                    0.00              281,476.89
        14747            3         IGFS (7759)                      821,458.67                    0.00              821,458.67
        14772            1         IGFS (7759)                      298,520.77                    0.00              298,520.77
        14884            3         IGFS (7759)                      632,084.35                    0.00              632,084.35
        15018            3         IGFS (7759)                      418,817.49                    0.00              418,817.49
        15152            3         IGFS (7759)                      287,183.11                    0.00              287,183.11
        15229            1         IGFS (7759)                      306,344.55                    0.00              306,344.55
        15562            1         IGFS (7759)                       99,013.48                    0.00               99,013.48
        15664            1         IGFS (7759)                       89,934.21                    0.00               89,934.21
        15979            1         IGFS (7759)                          276.20-                   0.00                  276.20-
        15979            3         IGFS (7759)                      579,686.57                    0.00              579,686.57
        16138            3         IGFS (7759)                      384,036.65                    0.00              384,036.65
        16231            3         IGFS (7759)                      136,701.48                    0.00              136,701.48
        16251            1         IGFS (7759)                      351,961.49                    0.00              351,961.49
        16443            1         IGFS (7759)                        7,396.21-                   0.00                7,396.21-
        16443            3         IGFS (7759)                      490,409.84                    0.00              490,409.84
        16661            1         IGFS (7759)                      277,795.02                    0.00              277,795.02
        16745            1         IGFS (7759)                       25,127.13                    0.00               25,127.13
        17025            1         IGFS (7759)                        1,580.75-                   0.00                1,580.75-
        17227            3         IGFS (7759)                      268,713.96                    0.00              268,713.96
        17385            1         IGFS (7759)                      219,042.29                    0.00              219,042.29
        17526            1         IGFS (7759)                      168,418.02                    0.00              168,418.02
        17667            3         IGFS (7759)                      250,610.15                    0.00              250,610.15
1 CMSSN: C529                      ACCUMULATOR HISTORY DETAIL BY ACCUMULATOR TYPE                 DATE: 2018-APR-23  TIME: 12:43PM
                                         FROM 2017 JAN 1  THRU 2017 DEC 31                                           PAGE:      3
0      ACCUMULATOR TYPE     :   1259
       ACCUMULATOR TYPE DSC : YTD RD BUSINESS INCOME
0                                                                         IGFS                    IGSI                   TOTAL
       CNSLT           CACT        CURRENT                         ACCUMULATED             ACCUMULATED             ACCUMULATED
       NUM             TYPE        DEALERSHIP                           AMOUNT                  AMOUNT                  AMOUNT
       ========================================================================================================================
-       17726            3         IGFS (7759)                      137,611.54                    0.00              137,611.54
        17929            1         IGFS (7759)                      264,010.86                    0.00              264,010.86
        18090            1         IGFS (7759)                      367,209.15                    0.00              367,209.15
        18506            1         IGFS (7759)                      137,852.72                    0.00              137,852.72
        18546            1         IGFS (7759)                      383,025.03                    0.00              383,025.03
        18628            1         IGFS (7759)                      372,643.61                    0.00              372,643.61
        18783            1         IGFS (7759)                      306,653.59                    0.00              306,653.59
        19019            1         IGFS (7759)                      393,783.33                    0.00              393,783.33
        19280            3         IGFS (7759)                      489,757.45                    0.00              489,757.45
        19288            3         IGFS (7759)                      367,378.00                    0.00              367,378.00
        19365            3         IGFS (7759)                      270,937.68                    0.00              270,937.68
        19561            3         IGFS (7759)                      408,617.48                    0.00              408,617.48
        19649            1         IGFS (7759)                      236,233.18                    0.00              236,233.18
        19720            1         IGFS (7759)                       59,526.30                    0.00               59,526.30
        19720            3         IGFS (7759)                      184,842.05                    0.00              184,842.05
        19734            1         IGFS (7759)                      191,955.48                    0.00              191,955.48
        19790            1         IGFS (7759)                      310,520.27                    0.00              310,520.27
        19870            1         IGFS (7759)                      249,820.43                    0.00              249,820.43
        20019            1         IGFS (7759)                      199,404.24                    0.00              199,404.24
        20019            3         IGFS (7759)                      103,532.61                    0.00              103,532.61
        20651            1         IGFS (7759)                      298,831.84                    0.00              298,831.84
        20684            1         IGFS (7759)                           98.67-                   0.00                   98.67-
        20684            3         IGFS (7759)                      223,487.64                    0.00              223,487.64
        20775            3         IGFS (7759)                      202,208.30                    0.00              202,208.30
        21636            1         IGFS (7759)                      416,868.50                    0.00              416,868.50
        21642            1         IGFS (7759)                        2,183.34-                   0.00                2,183.34-
        21642            3         IGFS (7759)                      474,779.32                    0.00              474,779.32
        21761            1         IGFS (7759)                       21,784.51                    0.00               21,784.51
        22235            3         IGFS (7759)                      505,925.24                    0.00              505,925.24
        22522            1         IGFS (7759)                       43,396.47                    0.00               43,396.47
        22939            3         IGFS (7759)                      166,840.04                    0.00              166,840.04
        24281            3         IGFS (7759)                      225,256.34                    0.00              225,256.34
        24439            3         IGFS (7759)                      319,600.04                    0.00              319,600.04
        24786            3         IGFS (7759)                      323,927.38                    0.00              323,927.38
        25036            3         IGFS (7759)                      566,686.87                    0.00              566,686.87
        25397            1         IGFS (7759)                      256,472.24                    0.00              256,472.24
        25397            3         IGFS (7759)                       34,859.10                    0.00               34,859.10
        26127            3         IGFS (7759)                       81,313.48                    0.00               81,313.48
        26346            3         IGFS (7759)                      113,254.34                    0.00              113,254.34
        26373            1         IGFS (7759)                          713.01                    0.00                  713.01
        31764            1         IGFS (7759)                      229,054.21                    0.00              229,054.21
        32001            1         IGFS (7759)                       99,688.52                    0.00               99,688.52
        32002            1         IGFS (7759)                       73,943.50                    0.00               73,943.50
        32003            1         IGFS (7759)                       64,453.57                    0.00               64,453.57
        32004            1         IGFS (7759)                       16,778.08                    0.00               16,778.08
        32006            1         IGFS (7759)                       51,529.39                    0.00               51,529.39
        32007            1         IGFS (7759)                       43,563.89                    0.00               43,563.89
        32008            1         IGFS (7759)                       74,587.56                    0.00               74,587.56
1 CMSSN: C529                      ACCUMULATOR HISTORY DETAIL BY ACCUMULATOR TYPE                 DATE: 2018-APR-23  TIME: 12:43PM
                                         FROM 2017 JAN 1  THRU 2017 DEC 31                                           PAGE:      4
0      ACCUMULATOR TYPE     :   1259
       ACCUMULATOR TYPE DSC : YTD RD BUSINESS INCOME
0                                                                         IGFS                    IGSI                   TOTAL
       CNSLT           CACT        CURRENT                         ACCUMULATED             ACCUMULATED             ACCUMULATED
       NUM             TYPE        DEALERSHIP                           AMOUNT                  AMOUNT                  AMOUNT
       ========================================================================================================================
-       32048            1         IGFS (7759)                       55,829.83                    0.00               55,829.83
        32050            1         IGFS (7759)                       56,823.12                    0.00               56,823.12
        32094            1         IGFS (7759)                        7,188.21                    0.00                7,188.21
        32095            1         IGFS (7759)                        7,648.15                    0.00                7,648.15
        32184            1         IGFS (7759)                       27,656.54                    0.00               27,656.54
-                                                           -------------------     -------------------     -------------------
       TOTAL ACCUMULATED AMOUNT                                  36,123,787.90                    0.00           36,123,787.90
0                                               ********** END OF REPORT **********